Version 0.9.7
5
 4 10 175 77 128 0 1
 5 80 400 206 81 2 2
 0 110 110 877 276 8 3
 1 231 404 206 81 140 4
 3 422 29 203 58 150 5
 0
12
 255 5 71 189 71 189 96 189 96 124 163 124 163 124 0 1 0 3
 0 5 163 137 163 137 110 137 110 249 71 249 71 249 0 3 0 1
 255 5 176 124 176 124 176 124 176 358 176 358 176 358 0 3 0 3
 65793 5 189 137 189 137 189 137 189 371 189 371 189 371 0 3 0 3
 65793 5 215 371 215 371 215 471 246 471 246 473 246 473 0 3 0 4
 255 5 228 358 228 358 228 415 228 415 246 415 246 415 0 3 0 4
 0 5 433 66 433 66 436 66 436 66 436 137 436 137 0 5 0 3
 0 5 332 371 332 371 332 371 332 280 332 280 332 280 0 3 0 3
 255 5 254 124 254 124 254 124 254 215 254 215 254 215 0 3 0 3
 16776960 5 254 280 254 280 254 415 254 415 287 415 287 415 0 3 0 4
 16776960 5 267 280 267 280 267 415 267 415 306 415 306 415 0 3 0 4
 16776960 5 280 280 280 280 468 280 468 280 468 73 468 73 0 3 0 5
1
 7032 1 14 248 228 5 0 0 3344 3
