Version 0.9.7
5
 4 65 109 77 128 0 1
 5 80 400 206 81 2 2
 0 206 43 877 276 8 3
 1 263 350 206 81 142 4
 3 567 356 203 58 185 6
 0
8
 255 5 415 122 415 122 126 122 126 122 126 123 126 123 0 3 0 1
 255 5 126 162 126 162 162 162 162 361 278 361 278 361 0 1 0 4
 65793 5 126 222 126 222 126 239 126 239 493 239 493 239 0 1 0 3
 65793 5 126 209 126 209 90 209 90 419 278 419 278 419 0 1 0 4
 65793 5 126 183 126 183 110 183 110 469 578 469 578 393 0 1 0 6
 16776960 5 415 213 415 213 319 213 319 213 319 361 319 361 0 3 0 4
 16776960 5 428 226 428 226 338 226 338 226 338 361 338 361 0 3 0 4
 16776960 5 441 252 441 252 507 252 507 400 613 400 613 400 0 3 0 6
1
 7008 1 14 409 161 5 0 0 7356 3
